5.000000000000000000e+03 -3.675178358715235795e-11
4.999703937230017800e+03 5.460556486020895051e+00
4.999407874460036510e+03 1.092111297207854292e+01
4.999111811690054310e+03 1.638166945813618725e+01
4.998815748920073020e+03 2.184222594419383512e+01
4.998519686150090820e+03 2.730278243025148299e+01
4.998223623380109530e+03 3.276333891630913087e+01
4.997927560610127330e+03 3.822389540236678585e+01
4.997631497840146039e+03 4.368445188842442661e+01
4.997335435070163840e+03 4.914500837448207449e+01
4.997039372300181640e+03 5.460556486053972236e+01
4.996743309530200349e+03 6.006612134659737023e+01
4.996447246760218150e+03 6.552667783265501100e+01
4.996151183990236859e+03 7.098723431871266598e+01
4.995855121220254659e+03 7.644779080477032096e+01
4.995559058450273369e+03 8.190834729082796173e+01
4.995262995680291169e+03 8.736890377688560250e+01
4.994966932910309879e+03 9.282946026294325748e+01
4.994670870140327679e+03 9.829001674900089824e+01
4.994374807370345479e+03 1.037505732350585532e+02
4.994078744600364189e+03 1.092111297211161940e+02
4.993782681830381989e+03 1.146716862071738348e+02
4.993486619060400699e+03 1.201322426932314897e+02
4.993190556290418499e+03 1.255927991792891447e+02
4.992894493520437209e+03 1.310533556653467713e+02
4.992598430750455009e+03 1.365139121514044405e+02
4.992302367980473718e+03 1.419744686374620812e+02
4.992006305210491519e+03 1.474350251235197220e+02
4.991710242440509319e+03 1.528955816095773912e+02
4.991414179670528029e+03 1.583561380956350035e+02
4.991118116900545829e+03 1.638166945816926727e+02
4.990822054130564538e+03 1.692772510677503135e+02
4.990525991360582339e+03 1.747378075538079543e+02
4.990229928590601048e+03 1.801983640398656235e+02
4.989933865820618848e+03 1.856589205259232642e+02
4.989637803050637558e+03 1.911194770119809050e+02
4.989341740280655358e+03 1.965800334980385458e+02
4.989045677510673158e+03 2.020405899840961865e+02
4.988749614740691868e+03 2.075011464701538557e+02
4.988453551970709668e+03 2.129617029562114965e+02
4.988157489200728378e+03 2.184222594422691373e+02
4.987861426430746178e+03 2.238828159283268064e+02
4.987565363660764888e+03 2.293433724143844188e+02
4.987269300890782688e+03 2.348039289004420880e+02
4.986973238120801398e+03 2.402644853864997287e+02
4.986677175350819198e+03 2.457250418725573695e+02
4.986381112580836998e+03 2.511855983586150387e+02
4.986085049810855708e+03 2.566461548446726511e+02
4.985788987040873508e+03 2.621067113307302634e+02
4.985492924270892217e+03 2.675672678167879326e+02
4.985196861500910018e+03 2.730278243028456018e+02
4.984900798730928727e+03 2.784883807889032710e+02
4.984604735960946527e+03 2.839489372749608833e+02
4.984308673190965237e+03 2.894094937610184957e+02
4.984012610420983037e+03 2.948700502470761649e+02
4.983716547651000838e+03 3.003306067331338340e+02
4.983420484881019547e+03 3.057911632191915032e+02
4.983124422111037347e+03 3.112517197052491156e+02
4.982828359341056057e+03 3.167122761913067279e+02
4.982532296571073857e+03 3.221728326773643971e+02
4.982236233801092567e+03 3.276333891634220663e+02
4.981940171031110367e+03 3.330939456494797355e+02
4.981644108261129077e+03 3.385545021355373478e+02
4.981348045491146877e+03 3.440150586215950170e+02
4.981051982721164677e+03 3.494756151076526294e+02
4.980755919951183387e+03 3.549361715937102417e+02
4.980459857181201187e+03 3.603967280797679678e+02
4.980163794411219897e+03 3.658572845658255801e+02
4.979867731641237697e+03 3.713178410518832493e+02
4.979571668871256406e+03 3.767783975379408616e+02
4.979275606101274207e+03 3.822389540239985308e+02
4.978979543331292916e+03 3.876995105100562000e+02
4.978683480561310716e+03 3.931600669961138124e+02
4.978387417791328517e+03 3.986206234821714816e+02
4.978091355021347226e+03 4.040811799682290939e+02
4.977795292251365026e+03 4.095417364542867631e+02
4.977499229481383736e+03 4.150022929403444323e+02
4.977203166711401536e+03 4.204628494264020446e+02
4.976907103941420246e+03 4.259234059124597138e+02
4.976611041171438046e+03 4.313839623985173262e+02
4.976314978401456756e+03 4.368445188845749954e+02
4.976018915631474556e+03 4.423050753706326645e+02
4.975722852861492356e+03 4.477656318566903337e+02
4.975426790091511066e+03 4.532261883427479461e+02
4.975130727321528866e+03 4.586867448288055584e+02
4.974834664551547576e+03 4.641473013148632276e+02
4.974538601781565376e+03 4.696078578009208968e+02
4.974242539011584086e+03 4.750684142869785660e+02
4.973946476241601886e+03 4.805289707730361783e+02
4.973650413471620595e+03 4.859895272590938475e+02
4.973354350701638396e+03 4.914500837451514599e+02
4.973058287931656196e+03 4.969106402312090722e+02
4.972762225161674905e+03 5.023711967172667983e+02
4.972466162391692706e+03 5.078317532033244106e+02
4.972170099621711415e+03 5.132923096893821366e+02
4.971874036851729215e+03 5.187528661754397490e+02
4.971577974081747925e+03 5.242134226614973613e+02
4.971281911311765725e+03 5.296739791475550874e+02
4.970985848541784435e+03 5.351345356336126997e+02
4.970689785771802235e+03 5.405950921196703121e+02
